acquire 1574
    0376 1574 1578 2460 2532
    2609 2643 2674 2767 2829
    2874 2889 2916 2929 3126
    3143 3416 3772 3792 4360
    4415 4520 4583 4674 4686
    4705 4880 4907 4924 4981
    5308 5341 5410 5417 5930
    5954 5968 6863 6884 6905
    8360 8531 8578 8614
acquiresleep 4672
    0385 4527 4542 4672 5361
allocproc 2455
    2455 2509 2580
allocuvm 1953
    0427 1953 1967 1973 2559
    6699 6713
alltraps 3304
    3259 3267 3280 3285 3303
    3304
ALT 8060
    8060 8088 8090
argfd 6121
    6121 6172 6187 6207 6218
    6231
argint 3595
    0401 3595 3608 3624 3733
    3756 3770 6126 6187 6207
    6458 6525 6526 6581
argptr 3604
    0402 3604 6187 6207 6231
    6607
argstr 3621
    0403 3621 3817 3818 6257
    6358 6458 6507 6524 6557
    6581
__attribute__ 1411
    0272 0364 1309 1411
BACK 8961
    8961 9074 9220 9489
backcmd 8996 9214
    8996 9009 9075 9214 9216
    9342 9455 9490
BACKSPACE 8450
    8450 8467 8509 8542 8548
balloc 5066
    5066 5086 5467 5475 5479
BBLOCK 4110
    4110 5073 5108
B_DIRTY 3862
    3862 4345 4369 4374 4410
    4428 4536 4569 4989
begin_op 4878
    0336 2638 4878 5983 6074
    6260 6361 6461 6506 6523
    6556 6670
bfree 5102
    5102 5514 5524 5527
bget 4516
    4516 4546 4556
binit 4488
    0263 1331 4488
bmap 5460
    5195 5460 5486 5569 5619
bootmain 9617
    9568 9617
BPB 4107
    4107 4110 5072 5074 5109
bread 4552
    0264 4552 4827 4828 4840
    4856 4938 4939 5035 5056
    5073 5108 5260 5281 5364
    5476 5520 5569 5619
brelse 4576
    0265 4576 4579 4831 4832
    4847 4864 4942 4943 5037
    5059 5079 5084 5115 5266
    5269 5290 5372 5482 5526
    5579 5623
BSIZE 4055
    3859 4055 4074 4101 4107
    4331 4347 4370 4808 4829
    4940 5057 5569 5570 5574
    5578 5615 5619 5620 5621
buf 3850
    0250 0264 0265 0266 0308
    0335 2120 2123 2132 2134
    3850 3856 3857 3858 4263
    4281 4284 4325 4357 4404
    4406 4409 4476 4480 4484
    4490 4503 4515 4518 4551
    4554 4565 4576 4756 4827
    4828 4840 4841 4847 4856
    4857 4863 4864 4938 4939
    4972 5020 5033 5054 5069
    5104 5256 5278 5355 5463
    5509 5555 5605 8280 8291
    8295 8298 8518 8540 8554
    8588 8609 8616 9084 9087
    9088 9089 9103 9115 9116
    9118 9119 9120 9124
B_VALID 3861
    3861 4373 4410 4428 4557
bwrite 4565
    0266 4565 4568 4830 4863
    4941
bzero 5052
    5052 5080
C 8081 8524
    8081 8129 8154 8155 8156
    8157 8158 8160 8524 8534
    8538 8545 8556 8589
CAPSLOCK 8062
    8062 8095 8236
cgaputc 8455
    8455 8513
clearpteu 2034
    0436 2034 2040 6715
cli 0557
    0557 0559 1224 1660 8410
    8504 9512
cmd 8965
    8965 8977 8986 8987 8992
    8993 8998 9002 9006 9015
    9018 9023 9031 9037 9041
    9051 9075 9077 9152 9155
    9157 9158 9159 9160 9163
    9164 9166 9168 9169 9170
    9171 9172 9173 9174 9175
    9176 9179 9180 9182 9184
    9185 9186 9187 9188 9189
    9200 9201 9203 9205 9206
    9207 9208 9209 9210 9213
    9214 9216 9218 9219 9220
    9221 9222 9312 9313 9314
    9315 9317 9321 9324 9330
    9331 9334 9337 9339 9342
    9346 9348 9350 9353 9355
    9358 9360 9363 9364 9375
    9378 9381 9385 9400 9403
    9408 9412 9413 9416 9421
    9422 9428 9437 9438 9444
    9445 9451 9452 9461 9464
    9466 9472 9473 9478 9484
    9490 9491 9494
CMOS_PORT 7650
    7650 7664 7665 7713
CMOS_RETURN 7651
    7651 7716
CMOS_STATA 7700
    7700 7742
CMOS_STATB 7701
    7701 7735
CMOS_UIP 7702
    7702 7742
COM1 8714
    8714 8724 8727 8728 8729
    8730 8731 8732 8735 8741
    8742 8757 8759 8767 8769
commit 4951
    4803 4923 4951
CONSOLE 4187
    4187 8628 8629
consoleinit 8624
    0269 1327 8624
consoleintr 8527
    0271 8248 8527 8775
consoleread 8571
    8571 8629
consolewrite 8609
    8609 8628
consputc 8501
    8267 8298 8368 8386 8389
    8393 8394 8501 8542 8548
    8555 8616
context 2340
    0251 0373 2303 2340 2361
    2493 2494 2495 2496 2778
    2821 2978
CONV 7752
    7752 7753 7754 7755 7756
    7757 7758 7759
copyout 2118
    0435 2118 6723 6734
copyuvm 2053
    0432 2053 2064 2066 2585
cprintf 8352
    0270 1324 1364 1967 1973
    2976 2980 2982 3445 3454
    3459 3688 5194 5572 5574
    5576 7613 7862 8352 8412
    8413 8414 8417
cpu 2301
    0311 1364 1366 1378 1506
    1566 1590 1608 1647 1661
    1662 1663 1671 1673 1717
    1730 1736 1876 1877 1878
    1879 1882 2301 2311 2315
    2326 2778 2814 2820 2821
    2822 3445 3454 3459 7263
    7613 8412
cpunum 7601
    0326 1324 1364 1388 1723
    3415 3446 3455 3461 7601
    7873 7882
CR0_PE 0727
    0727 1237 1270 9543
CR0_PG 0737
    0737 1154 1270
CR0_WP 0733
    0733 1154 1270
CR4_PSE 0739
    0739 1147 1263
create 6407
    6407 6427 6440 6444 6464
    6507 6527
CRTPORT 8451
    8451 8460 8461 8462 8463
    8481 8482 8483 8484
CTL 8059
    8059 8085 8089 8235
DAY 7707
    7707 7724
deallocuvm 1987
    0428 1968 1974 1987 2021
    2562
DEVSPACE 0204
    0204 1832 1845
devsw 4180
    4180 4185 5558 5560 5608
    5610 5912 8628 8629
dinode 4078
    4078 4101 5257 5261 5279
    5282 5356 5365
dirent 4115
    4115 5664 5705 6305 6354
dirlink 5702
    0288 5671 5702 5717 5725
    6280 6439 6443 6444
dirlookup 5661
    0289 5661 5667 5709 5825
    6373 6417
DIRSIZ 4113
    4113 4117 5655 5722 5778
    5779 5842 6254 6355 6411
DPL_USER 0829
    0829 1726 1727 2517 2518
    3373 3469 3478
E0ESC 8066
    8066 8220 8224 8225 8227
    8230
elfhdr 1005
    1005 6665 9619 9624
ELF_MAGIC 1002
    1002 6682 9630
ELF_PROG_LOAD 1036
    1036 6693
end_op 4903
    0337 2640 4903 5985 6079
    6262 6269 6287 6296 6363
    6397 6402 6466 6471 6477
    6486 6490 6508 6512 6528
    6532 6558 6564 6569 6673
    6707 6758
entry 1144
    1011 1140 1143 1144 3252
    3253 6747 7121 9621 9645
    9646
EOI 7467
    7467 7584 7633
ERROR 7488
    7488 7577
ESR 7470
    7470 7580 7581
exec 6660
    0275 6597 6660 8868 8929
    8930 9026 9027
EXEC 8957
    8957 9022 9159 9465
execcmd 8969 9153
    8969 9010 9023 9153 9155
    9421 9427 9428 9456 9466
exit 2622
    0358 2622 2663 3405 3409
    3470 3479 3718 8817 8820
    8861 8926 8931 9016 9025
    9035 9080 9127 9134
EXTMEM 0202
    0202 0208 1829
fdalloc 6153
    6153 6174 6482 6612
fetchint 3567
    0404 3567 3597 6588
fetchstr 3579
    0405 3579 3626 6594
file 4150
    0252 0278 0279 0280 0282
    0283 0284 0351 2364 4150
    5021 5910 5915 5925 5928
    5931 5951 5952 5964 5966
    6002 6015 6052 6115 6121
    6124 6153 6169 6183 6203
    6216 6228 6455 6604 6808
    6822 8261 8709 8978 9033
    9034 9164 9172 9372
filealloc 5926
    0278 5926 6482 6828
fileclose 5964
    0279 2633 5964 5970 6221
    6484 6615 6616 6854 6856
filedup 5952
    0280 2602 5952 5956 6176
fileinit 5919
    0281 1332 5919
fileread 6015
    0282 6015 6030 6189
filestat 6002
    0283 6002 6233
filewrite 6052
    0284 6052 6084 6089 6209
FL_IF 0710
    0710 1662 1669 2521 2818
    7610
fork 2574
    0359 2574 3712 8860 8923
    8925 9142 9144
fork1 9138
    9000 9042 9054 9061 9076
    9123 9138
forkret 2838
    2417 2496 2838
freerange 3101
    3061 3084 3090 3101
freevm 2015
    0429 2015 2020 2078 2687
    6750 6755
FSSIZE 0162
    0162 4329
gatedesc 0951
    0523 0526 0951 3361
getcallerpcs 1627
    0377 1591 1627 2978 8415
getcmd 9084
    9084 9115
gettoken 9256
    9256 9341 9345 9357 9370
    9371 9407 9411 9433
growproc 2553
    0360 2553 3759
havedisk1 4283
    4283 4314 4412
holding 1645
    0378 1577 1604 1645 2812
holdingsleep 4701
    0387 4408 4567 4578 4701
    5383
HOURS 7706
    7706 7723
ialloc 5253
    0290 5253 5271 6426 6427
IBLOCK 4104
    4104 5260 5281 5364
ICRHI 7481
    7481 7587 7672 7684
ICRLO 7471
    7471 7588 7589 7673 7675
    7685
ID 7464
    7464 7504 7620
IDE_BSY 4266
    4266 4292
IDE_CMD_RDMUL 4273
    4273 4333
IDE_CMD_READ 4271
    4271 4333
IDE_CMD_WRITE 4272
    4272 4334
IDE_CMD_WRMUL 4274
    4274 4334
IDE_DF 4268
    4268 4294
IDE_DRDY 4267
    4267 4292
IDE_ERR 4269
    4269 4294
ideinit 4301
    0306 1333 4301
ideintr 4355
    0307 3429 4355
idelock 4280
    4280 4305 4360 4362 4381
    4415 4429 4432
iderw 4404
    0308 4404 4409 4411 4413
    4558 4570
idestart 4325
    4284 4325 4328 4336 4379
    4425
idewait 4288
    4288 4308 4338 4369
idtinit 3379
    0412 1365 3379
idup 5339
    0291 2603 5339 5812
iget 5304
    5200 5267 5304 5324 5679
    5810
iinit 5184
    0292 2849 5184
ilock 5353
    0293 5353 5359 5375 5815
    6005 6024 6075 6266 6279
    6292 6367 6375 6415 6419
    6429 6474 6561 6676 8583
    8603 8618
inb 0453
    0453 4292 4313 7404 7716
    8214 8217 8461 8463 8735
    8741 8742 8757 8767 8769
    9523 9531 9654
initlock 1562
    0379 1562 2425 3082 3375
    4305 4492 4665 4812 5188
    5921 6836 8626
initlog 4806
    0334 2850 4806 4809
initsleeplock 4663
    0388 4506 4663 5190
inituvm 1903
    0430 1903 1908 2514
inode 4162
    0253 0288 0289 0290 0291
    0293 0294 0295 0296 0297
    0299 0300 0301 0302 0303
    0431 1918 2365 4156 4162
    4181 4182 5024 5180 5190
    5200 5252 5276 5303 5306
    5312 5338 5339 5353 5381
    5408 5426 5460 5506 5537
    5552 5602 5660 5661 5702
    5706 5804 5807 5839 5850
    6255 6302 6353 6406 6410
    6456 6504 6519 6554 6666
    8571 8609
INPUT_BUF 8516
    8516 8518 8540 8552 8554
    8556 8588
insl 0462
    0462 0464 4370 9673
install_trans 4822
    4822 4871 4956
INT_DISABLED 7819
    7819 7867
ioapic 7827
    7357 7374 7375 7824 7827
    7836 7837 7843 7844 7858
IOAPIC 7808
    7808 7858
ioapicenable 7873
    0311 4307 7873 8633 8744
ioapicid 7266
    0312 7266 7375 7392 7861
    7862
ioapicinit 7851
    0313 1326 7851 7862
ioapicread 7834
    7834 7859 7860
ioapicwrite 7841
    7841 7867 7868 7881 7882
IO_PIC1 7907
    7907 7920 7935 7944 7947
    7952 7962 7976 7977
IO_PIC2 7908
    7908 7921 7936 7965 7966
    7967 7970 7979 7980
IO_TIMER1 8659
    8659 8668 8678 8679
IPB 4101
    4101 4104 5261 5282 5365
iput 5408
    0294 2639 5408 5429 5710
    5833 5984 6285 6568
IRQ_COM1 3233
    3233 3439 8743 8744
IRQ_ERROR 3235
    3235 7577
IRQ_IDE 3234
    3234 3428 3432 4306 4307
IRQ_KBD 3232
    3232 3435 8632 8633
IRQ_SLAVE 7910
    7910 7914 7952 7967
IRQ_SPURIOUS 3236
    3236 3444 7557
IRQ_TIMER 3231
    3231 3414 3474 7564 8680
isdirempty 6302
    6302 6309 6379
ismp 7264
    0340 1334 7264 7361 7384
    7388 7855 7875
itrunc 5506
    5024 5414 5506
iunlock 5381
    0295 5381 5384 5428 5822
    6007 6027 6078 6275 6489
    6567 8576 8613
iunlockput 5426
    0296 5426 5817 5826 5829
    6268 6281 6284 6295 6380
    6391 6395 6401 6418 6422
    6446 6476 6485 6511 6531
    6563 6706 6757
iupdate 5276
    0297 5276 5416 5532 5628
    6274 6294 6389 6394 6433
    6437
I_VALID 4176
    4176 5363 5373 5411
kalloc 3138
    0316 1394 1763 1842 1909
    1965 2069 2478 3138 6830
KBDATAP 8054
    8054 8217
kbdgetc 8206
    8206 8248
kbdintr 8246
    0322 3436 8246
KBS_DIB 8053
    8053 8215
KBSTATP 8052
    8052 8214
KERNBASE 0207
    0207 0208 0210 0211 0213
    0214 1416 1634 1829 1958
    2021
KERNLINK 0208
    0208 1830
KEY_DEL 8078
    8078 8119 8141 8165
KEY_DN 8072
    8072 8115 8137 8161
KEY_END 8070
    8070 8118 8140 8164
KEY_HOME 8069
    8069 8118 8140 8164
KEY_INS 8077
    8077 8119 8141 8165
KEY_LF 8073
    8073 8117 8139 8163
KEY_PGDN 8076
    8076 8116 8138 8162
KEY_PGUP 8075
    8075 8116 8138 8162
KEY_RT 8074
    8074 8117 8139 8163
KEY_UP 8071
    8071 8115 8137 8161
kfree 3115
    0317 1975 2003 2005 2025
    2028 2586 2685 3106 3115
    3120 6852 6873
kill 2925
    0361 2925 3460 3735 8867
kinit1 3080
    0318 1319 3080
kinit2 3088
    0319 1337 3088
KSTACKSIZE 0151
    0151 1158 1167 1395 1879
    2482
kvmalloc 1857
    0424 1320 1857
lapiceoi 7630
    0328 3426 3430 3437 3441
    3447 7630
lapicinit 7551
    0329 1322 1356 7551
lapicstartap 7656
    0330 1399 7656
lapicw 7501
    7501 7557 7563 7564 7565
    7568 7569 7574 7577 7580
    7581 7584 7587 7588 7593
    7633 7672 7673 7675 7684
    7685
lcr3 0590
    0590 1868 1886
lgdt 0512
    0512 0520 1235 1732 9541
lidt 0526
    0526 0534 3381
LINT0 7486
    7486 7568
LINT1 7487
    7487 7569
LIST 8960
    8960 9040 9207 9483
listcmd 8990 9201
    8990 9011 9041 9201 9203
    9346 9457 9484
loadgs 0551
    0551 1733
loaduvm 1918
    0431 1918 1924 1927 6703
log 4788 4800
    4788 4800 4812 4814 4815
    4816 4826 4827 4828 4840
    4843 4844 4845 4856 4859
    4860 4861 4872 4880 4882
    4883 4884 4886 4888 4889
    4907 4908 4909 4910 4911
    4913 4916 4918 4924 4925
    4926 4927 4937 4938 4939
    4953 4957 4976 4978 4981
    4982 4983 4986 4987 4988
    4990
logheader 4783
    4783 4795 4808 4809 4841
    4857
LOGSIZE 0160
    0160 4785 4884 4976 6067
log_write 4972
    0335 4972 4979 5058 5078
    5114 5265 5289 5480 5622
ltr 0538
    0538 0540 1883
mappages 1779
    1779 1848 1911 1972 2072
MAXARG 0158
    0158 6577 6664 6720
MAXARGS 8963
    8963 8971 8972 9440
MAXFILE 4075
    4075 5615
MAXOPBLOCKS 0159
    0159 0160 0161 4884
memcmp 6965
    0391 6965 7288 7338 7745
memmove 6981
    0392 1385 1912 2071 2132
    4829 4940 5036 5288 5371
    5578 5621 5779 5781 6981
    7004 8476
memset 6954
    0393 1766 1844 1910 1971
    2495 2516 3123 5057 5263
    6384 6584 6954 8478 9087
    9158 9169 9185 9206 9219
microdelay 7639
    0331 7639 7674 7676 7686
    7714 8758
min 5023
    5023 5570 5573 5620
MINS 7705
    7705 7722
MONTH 7708
    7708 7725
mp 7102
    7102 7258 7280 7287 7288
    7289 7305 7310 7314 7315
    7318 7319 7330 7333 7335
    7337 7344 7354 7359 7400
MPBUS 7152
    7152 7378
mpconf 7113
    7113 7329 7332 7337 7355
mpconfig 7330
    7330 7359
mpenter 1352
    1352 1396
mpinit 7351
    0341 1321 7351
mpioapic 7139
    7139 7357 7374 7376
MPIOAPIC 7153
    7153 7373
MPIOINTR 7154
    7154 7379
MPLINTR 7155
    7155 7380
mpmain 1362
    1309 1339 1357 1362
mpproc 7128
    7128 7356 7366 7371
MPPROC 7151
    7151 7365
mpsearch 7306
    7306 7335
mpsearch1 7281
    7281 7314 7318 7321
multiboot_header 1129
    1128 1129
namecmp 5653
    0298 5653 5674 6370
namei 5840
    0299 2526 5840 6261 6470
    6557 6672
nameiparent 5851
    0300 5805 5820 5832 5851
    6277 6362 6413
namex 5805
    5805 5843 5853
NBUF 0161
    0161 4480 4503
ncpu 7265
    1324 1387 2316 4307 7265
    7367 7368 7369 7390 7621
NCPU 0152
    0152 2315 7263 7367
NDEV 0156
    0156 5558 5608 5912
NDIRECT 4073
    4073 4075 4084 4174 5465
    5470 5474 5475 5512 5519
    5520 5527 5528
NELEM 0439
    0439 1847 2972 3685 6586
nextpid 2416
    2416 2471
NFILE 0154
    0154 5915 5931
NINDIRECT 4074
    4074 4075 5472 5522
NINODE 0155
    0155 5180 5189 5312
NO 8056
    8056 8102 8105 8107 8108
    8109 8110 8112 8124 8127
    8129 8130 8131 8132 8134
    8152 8153 8155 8156 8157
    8158
NOFILE 0153
    0153 2364 2600 2631 6128
    6157
NPDENTRIES 0871
    0871 1412 2022
NPROC 0150
    0150 2411 2462 2651 2678
    2768 2907 2930 2969
NPTENTRIES 0872
    0872 1999
NSEGS 0751
    0751 2305
nulterminate 9452
    9315 9330 9452 9473 9479
    9480 9485 9486 9491
NUMLOCK 8063
    8063 8096
O_CREATE 3953
    3953 6463 9378 9381
O_RDONLY 3950
    3950 6475 9375
O_RDWR 3952
    3952 6496 8914 8916 9107
outb 0471
    0471 4311 4320 4339 4340
    4341 4342 4343 4344 4346
    4349 7403 7404 7664 7665
    7713 7920 7921 7935 7936
    7944 7947 7952 7962 7965
    7966 7967 7970 7976 7977
    7979 7980 8460 8462 8481
    8482 8483 8484 8677 8678
    8679 8724 8727 8728 8729
    8730 8731 8732 8759 9528
    9536 9664 9665 9666 9667
    9668 9669
outsl 0483
    0483 0485 4347
outw 0477
    0477 1280 1282 9574 9576
O_WRONLY 3951
    3951 6495 6496 9378 9381
P2V 0211
    0211 1319 1337 1384 1761
    1845 1933 2004 2024 2071
    2111 7285 7312 7337 7666
    8452
panic 8405 9131
    0272 1578 1605 1670 1672
    1790 1846 1885 1908 1924
    1927 2003 2020 2040 2064
    2066 2513 2628 2663 2813
    2815 2817 2819 2862 2865
    3120 3456 4328 4330 4336
    4409 4411 4413 4546 4568
    4579 4809 4910 4977 4979
    5086 5112 5271 5324 5359
    5375 5384 5486 5667 5671
    5717 5725 5956 5970 6030
    6084 6089 6309 6378 6386
    6427 6440 6444 7625 8363
    8405 8412 8473 9001 9020
    9053 9131 9144 9328 9372
    9406 9410 9436 9441
panicked 8269
    8269 8418 8503
parseblock 9401
    9401 9406 9425
parsecmd 9318
    9002 9124 9318
parseexec 9417
    9314 9355 9417
parseline 9335
    9312 9324 9335 9346 9408
parsepipe 9351
    9313 9339 9351 9358
parseredirs 9364
    9364 9412 9431 9442
PCINT 7485
    7485 7574
pde_t 0103
    0103 0425 0426 0427 0428
    0429 0430 0431 0432 0435
    0436 1310 1370 1412 1710
    1754 1756 1779 1836 1839
    1842 1903 1918 1953 1987
    2015 2034 2052 2053 2055
    2102 2118 2355 6668
PDX 0862
    0862 1759
PDXSHIFT 0877
    0862 0868 0877 1416
peek 9301
    9301 9325 9340 9344 9356
    9369 9405 9409 9424 9432
PGROUNDDOWN 0880
    0880 1784 1785 2125
PGROUNDUP 0879
    0879 1963 1995 3104 6712
PGSIZE 0873
    0873 0879 0880 1411 1766
    1794 1795 1844 1907 1910
    1911 1923 1925 1929 1932
    1964 1971 1972 1996 1999
    2062 2071 2072 2129 2135
    2515 2522 3105 3119 3123
    6701 6713 6715
PHYSTOP 0203
    0203 1337 1831 1845 1846
    3119
picenable 7925
    0344 4306 7925 8632 8680
    8743
picinit 7932
    0345 1325 7932
picsetmask 7917
    7917 7927 7983
pinit 2423
    0362 1329 2423
pipe 6812
    0254 0352 0353 0354 4155
    5981 6022 6059 6812 6824
    6830 6836 6840 6844 6861
    6880 6901 8863 9052 9053
PIPE 8959
    8959 9050 9186 9477
pipealloc 6822
    0351 6609 6822
pipeclose 6861
    0352 5981 6861
pipecmd 8984 9180
    8984 9012 9051 9180 9182
    9358 9458 9478
piperead 6901
    0353 6022 6901
PIPESIZE 6810
    6810 6814 6886 6894 6916
pipewrite 6880
    0354 6059 6880
popcli 1667
    0382 1622 1667 1670 1672
    1887
printint 8277
    8277 8376 8380
proc 2353
    0255 0433 1305 1558 1706
    1737 1873 1879 2312 2327
    2353 2359 2406 2411 2414
    2454 2457 2462 2506 2557
    2559 2562 2565 2566 2577
    2585 2591 2592 2593 2601
    2602 2603 2605 2624 2627
    2632 2633 2634 2639 2641
    2646 2651 2652 2660 2661
    2671 2678 2679 2701 2707
    2760 2768 2775 2783 2816
    2821 2830 2861 2879 2880
    2884 2905 2907 2927 2930
    2965 2969 3355 3404 3406
    3408 3418 3420 3452 3460
    3461 3463 3469 3474 3478
    3555 3569 3583 3586 3597
    3610 3684 3686 3689 3690
    3707 3741 3758 3775 3806
    3820 3821 4257 4658 4679
    5016 5812 6111 6128 6158
    6159 6220 6568 6570 6614
    6654 6741 6744 6745 6746
    6747 6748 6749 6804 6887
    6907 7261 7356 7366 7368
    7461 8264 8581 8711
procdump 2954
    0363 2954 8566
proghdr 1024
    1024 6667 9620 9634
PTE_ADDR 0894
    0894 1761 1928 2001 2024
    2067 2111
PTE_FLAGS 0895
    0895 2068
PTE_P 0883
    0883 1414 1416 1760 1770
    1789 1791 2000 2023 2065
    2107
PTE_PS 0890
    0890 1414 1416
pte_t 0898
    0898 1753 1757 1761 1763
    1782 1921 1989 2036 2056
    2104
PTE_U 0885
    0885 1770 1911 1972 2041
    2109
PTE_W 0884
    0884 1414 1416 1770 1829
    1831 1832 1911 1972
PTX 0865
    0865 1772
PTXSHIFT 0876
    0865 0868 0876
pushcli 1655
    0381 1576 1655 1875
rcr2 0582
    0582 3455 3462
readeflags 0544
    0544 1659 1669 2818 7610
read_head 4838
    4838 4870
readi 5552
    0301 1933 5552 5670 5716
    6025 6308 6309 6680 6691
readsb 5031
    0287 4813 5031 5107 5193
readsect 9660
    9660 9695
readseg 9679
    9614 9627 9638 9679
recover_from_log 4868
    4802 4817 4868
REDIR 8958
    8958 9030 9170 9471
redircmd 8975 9164
    8975 9013 9031 9164 9166
    9375 9378 9381 9459 9472
REG_ID 7810
    7810 7860
REG_TABLE 7812
    7812 7867 7868 7881 7882
REG_VER 7811
    7811 7859
release 1602
    0380 1602 1605 2466 2475
    2536 2613 2693 2702 2785
    2832 2842 2875 2888 2918
    2936 2940 3131 3148 3424
    3776 3781 3794 4362 4381
    4432 4526 4541 4595 4680
    4690 4707 4889 4918 4927
    4990 5315 5331 5343 5413
    5421 5934 5938 5958 5972
    5978 6872 6875 6888 6897
    6908 6919 8401 8564 8582
    8602 8617
releasesleep 4684
    0386 4581 4684 5386
ROOTDEV 0157
    0157 2849 2850 5810
ROOTINO 4054
    4054 5810
run 3064
    2961 3064 3065 3071 3117
    3127 3140
runcmd 9006
    9006 9020 9037 9043 9045
    9059 9066 9077 9124
RUNNING 2350
    2350 2777 2816 2961 3418
    3474
safestrcpy 7032
    0394 2525 2605 6741 7032
sb 5027
    0287 4104 4110 4811 4813
    4814 4815 5027 5031 5036
    5072 5073 5074 5107 5108
    5193 5194 5195 5196 5197
    5259 5260 5281 5364 7733
    7735 7737
sched 2808
    0365 2662 2808 2813 2815
    2817 2819 2831 2881
scheduler 2758
    0364 1367 2303 2758 2778
    2821
SCROLLLOCK 8064
    8064 8097
SECS 7704
    7704 7721
SECTOR_SIZE 4265
    4265 4331
SECTSIZE 9612
    9612 9673 9686 9689 9694
SEG 0819
    0819 1724 1725 1726 1727
    1730
SEG16 0823
    0823 1876
SEG_ASM 0660
    0660 1289 1290 9584 9585
segdesc 0802
    0509 0512 0802 0819 0823
    2305
seginit 1715
    0423 1323 1355 1715
SEG_KCODE 0742
    0742 1243 1724 3372 3373
    9553
SEG_KCPU 0744
    0744 1730 1733 3316
SEG_KDATA 0743
    0743 1253 1725 1878 3313
    9558
SEG_NULLASM 0654
    0654 1288 9583
SEG_TSS 0747
    0747 1876 1877 1883
SEG_UCODE 0745
    0745 1726 2517
SEG_UDATA 0746
    0746 1727 2518
SETGATE 0971
    0971 3372 3373
setupkvm 1837
    0425 1837 1859 2060 2512
    6685
SHIFT 8058
    8058 8086 8087 8235
skipelem 5765
    5765 5814
sleep 2859
    0366 2707 2859 2862 2865
    2959 3779 4429 4665 4676
    4883 4886 6892 6911 8586
    8879
sleeplock 3901
    0258 0385 0386 0387 0388
    3854 3901 4166 4261 4474
    4660 4663 4672 4684 4701
    4754 5018 5909 6114 6807
    8259 8707
spinlock 1501
    0257 0366 0376 0378 0379
    0380 0415 1501 1559 1562
    1574 1602 1645 2407 2410
    2859 3059 3069 3358 3363
    3903 4260 4280 4473 4479
    4659 4753 4789 5017 5179
    5908 5914 6113 6806 6813
    8258 8272 8706
STA_R 0669 0836
    0669 0836 1289 1724 1726
    9584
start 1223 8809 9511
    1222 1223 1266 1274 1276
    4790 4814 4827 4840 4856
    4938 5195 8808 8809 9510
    9511 9567
startothers 1374
    1308 1336 1374
stat 4004
    0259 0283 0302 4004 5014
    5537 6002 6109 6229 8903
stati 5537
    0302 5537 6006
STA_W 0668 0835
    0668 0835 1290 1725 1727
    1730 9585
STA_X 0665 0832
    0665 0832 1289 1724 1726
    9584
sti 0563
    0563 0565 1674 2764
stosb 0492
    0492 0494 6960 9640
stosl 0501
    0501 0503 6958
strlen 7051
    0395 6722 6723 7051 9118
    9323
strncmp 7008
    0396 5655 7008
strncpy 7018
    0397 5722 7018
STS_IG32 0850
    0850 0977
STS_T32A 0847
    0847 1876
STS_TG32 0851
    0851 0977
sum 7269
    7269 7271 7273 7275 7276
    7288 7342
superblock 4063
    0260 0287 4063 4811 5027
    5031
SVR 7468
    7468 7557
switchkvm 1866
    0434 1354 1860 1866 2779
switchuvm 1873
    0433 1873 1885 2566 2776
    6749
swtch 3008
    0373 2778 2821 3007 3008
syscall 3680
    0406 3407 3557 3680
SYSCALL 8853 8860 8861 8862 8863 8864 8865 8866 8867 8868 8869 8870 8871 8872 8873 8874 8875 8876 8877 8878 8879 8880 8881 8882
    8860 8861 8862 8863 8864
    8865 8866 8867 8868 8869
    8870 8871 8872 8873 8874
    8875 8876 8877 8878 8879
    8880 8881 8882
sys_chdir 6551
    3629 3662 6551
SYS_chdir 3509
    3509 3662
sys_close 6213
    3630 3674 6213
SYS_close 3521
    3521 3674
sys_dup 6167
    3631 3663 6167
SYS_dup 3510
    3510 3663
sys_exec 6575
    3632 3660 6575
SYS_exec 3507
    3507 3660 8813
sys_exit 3716
    3633 3655 3716
SYS_exit 3502
    3502 3655 8818
sys_fork 3710
    3634 3654 3710
SYS_fork 3501
    3501 3654
sys_fstat 6226
    3635 3661 6226
SYS_fstat 3508
    3508 3661
sys_getPerformanceData 3810
    3651 3676 3810
SYS_getPerformanceData 3523
    3523 3676
sys_getpid 3739
    3636 3664 3739
SYS_getpid 3511
    3511 3664
sys_getppid 3801
    3650 3675 3801
SYS_getppid 3522
    3522 3675
sys_kill 3729
    3637 3659 3729
SYS_kill 3506
    3506 3659
sys_link 6252
    3638 3672 6252
SYS_link 3519
    3519 3672
sys_mkdir 6501
    3639 3673 6501
SYS_mkdir 3520
    3520 3673
sys_mknod 6517
    3640 3670 6517
SYS_mknod 3517
    3517 3670
sys_open 6451
    3641 3668 6451
SYS_open 3515
    3515 3668
sys_pipe 6601
    3642 3657 6601
SYS_pipe 3504
    3504 3657
sys_read 6181
    3643 3658 6181
SYS_read 3505
    3505 3658
sys_sbrk 3751
    3644 3665 3751
SYS_sbrk 3512
    3512 3665
sys_sleep 3765
    3645 3666 3765
SYS_sleep 3513
    3513 3666
sys_unlink 6351
    3646 3671 6351
SYS_unlink 3518
    3518 3671
sys_uptime 3788
    3649 3667 3788
SYS_uptime 3514
    3514 3667
sys_wait 3723
    3647 3656 3723
SYS_wait 3503
    3503 3656
sys_write 6201
    3648 3669 6201
SYS_write 3516
    3516 3669
taskstate 0901
    0901 2304
TDCR 7492
    7492 7563
T_DEV 4002
    4002 5557 5607 6527
T_DIR 4000
    4000 5666 5816 6267 6379
    6387 6435 6475 6507 6562
T_FILE 4001
    4001 6420 6464
ticks 3364
    0413 2473 2661 3364 3417
    3423 3773 3774 3779 3793
    3820
tickslock 3363
    0415 3363 3375 3416 3424
    3772 3776 3779 3781 3792
    3794
TICR 7490
    7490 7565
TIMER 7482
    7482 7564
TIMER_16BIT 8671
    8671 8677
TIMER_DIV 8666
    8666 8678 8679
TIMER_FREQ 8665
    8665 8666
timerinit 8674
    0409 1335 8674
TIMER_MODE 8668
    8668 8677
TIMER_RATEGEN 8670
    8670 8677
TIMER_SEL0 8669
    8669 8677
T_IRQ0 3229
    3229 3414 3428 3432 3435
    3439 3443 3444 3474 7557
    7564 7577 7867 7881 7947
    7966
TPR 7466
    7466 7593
trap 3401
    3252 3254 3322 3401 3454
    3456 3459
trapframe 0602
    0602 2360 2486 3401
trapret 3327
    2418 2491 3326 3327
T_SYSCALL 3226
    3226 3373 3403 8814 8819
    8857
tvinit 3367
    0414 1330 3367
uart 8716
    8716 8737 8755 8765
uartgetc 8763
    8763 8775
uartinit 8719
    0418 1328 8719
uartintr 8773
    0419 3440 8773
uartputc 8751
    0420 8510 8512 8748 8751
userinit 2503
    0367 1338 2503
uva2ka 2102
    0426 2102 2126
V2P 0210
    0210 1397 1399 1770 1830
    1831 1868 1886 1911 1972
    2072 3119
V2P_WO 0213
    0213 1140 1150
VER 7465
    7465 7573
wait 2669
    0368 2669 3725 8862 8933
    9044 9070 9071 9125
waitdisk 9651
    9651 9663 9672
wakeup 2914
    0369 2914 3423 4375 4689
    4916 4926 6866 6869 6891
    6896 6918 8558
wakeup1 2903
    2420 2646 2655 2903 2917
walkpgdir 1754
    1754 1787 1926 1997 2038
    2063 2106
write_head 4854
    4854 4873 4955 4958
writei 5602
    0303 5602 5724 6076 6385
    6386
write_log 4933
    4933 4954
xchg 0569
    0569 1366 1581
YEAR 7709
    7709 7726
yield 2827
    0370 2827 3475
